Input layer weights
0.1, -0.2, 0.3, 0.1, -0.2, 0.3, 0.1, -0.2               
-0.4, 0.5, 0.6, -0.4, 0.5, 0.6, -0.4, 0.5

Hidden layer 1 weights
-0.2, 0.3, -0.4, 0.5, 0.6, -0.7, 0.8, -0.9 
0.1, 0.9, -0.3, 0.2, -0.5, 0.4, 0.6, -0.8
-0.7, 0.5, 0.8, -0.2, -0.3, -0.6, 0.1, 0.4
-0.2, 0.3, -0.4, 0.5, 0.6, -0.7, 0.8, -0.9
0.1, 0.9, -0.3, 0.2, -0.5, 0.4, 0.6, -0.8
-0.7, 0.5, 0.8, -0.2, -0.3, -0.6, 0.1, 0.4
-0.2, 0.3, -0.4, 0.5, 0.6, -0.7, 0.8, -0.9
0.1, 0.9, -0.3, 0.2, -0.5, 0.4, 0.6, -0.8

Hidden layer 2 weights
0.2, -0.3, 0.4, -0.5, -0.6, 0.7, -0.8, 0.9
-0.1, -0.9, 0.3, -0.2, 0.5, -0.4, -0.6, 0.8
0.7, -0.5, -0.8, 0.2, 0.3, 0.6, -0.1, -0.4
0.2, -0.3, 0.4, -0.5, -0.6, 0.7, -0.8, 0.9
-0.1, -0.9, 0.3, -0.2, 0.5, -0.4, -0.6, 0.8
0.7, -0.5, -0.8, 0.2, 0.3, 0.6, -0.1, -0.4
0.2, -0.3, 0.4, -0.5, -0.6, 0.7, -0.8, 0.9
-0.1, -0.9, 0.3, -0.2, 0.5, -0.4, -0.6, 0.8

Hidden layer 3 weights
0.3, -0.4, 0.5, -0.6, -0.7, 0.8, -0.9, 0.1
-0.2, -0.9, 0.4, -0.3, 0.5, -0.6, -0.8, 0.1
0.6, -0.5, -0.7, 0.2, 0.4, 0.8, -0.1, -0.3
0.3, -0.4, 0.5, -0.6, -0.7, 0.8, -0.9, 0.1
-0.2, -0.9, 0.4, -0.3, 0.5, -0.6, -0.8, 0.1
0.6, -0.5, -0.7, 0.2, 0.4, 0.8, -0.1, -0.3
0.3, -0.4, 0.5, -0.6, -0.7, 0.8, -0.9, 0.1
-0.2, -0.9, 0.4, -0.3, 0.5, -0.6, -0.8, 0.1

Hidden layer 4 weights
0.4, -0.5, 0.6, -0.7, -0.8, 0.9, -0.1, 0.2
-0.3, -0.8, 0.5, -0.4, 0.6, -0.7, -0.9, 0.2
0.5, -0.4, -0.6, 0.3, 0.2, 0.8, -0.2, -0.1
0.4, -0.5, 0.6, -0.7, -0.8, 0.9, -0.1, 0.2
-0.3, -0.8, 0.5, -0.4, 0.6, -0.7, -0.9, 0.2
0.5, -0.4, -0.6, 0.3, 0.2, 0.8, -0.2, -0.1
0.4, -0.5, 0.6, -0.7, -0.8, 0.9, -0.1, 0.2
-0.3, -0.8, 0.5, -0.4, 0.6, -0.7, -0.9, 0.2

Hidden layer 5 weights
0.5, -0.6, 0.7, -0.8, -0.9, 0.1, -0.2, 0.3
-0.4, -0.7, 0.6, -0.5, 0.8, -0.6, -0.2, 0.1
0.4, -0.3, -0.5, 0.1, 0.6, 0.7, -0.3, -0.2
0.5, -0.6, 0.7, -0.8, -0.9, 0.1, -0.2, 0.3
-0.4, -0.7, 0.6, -0.5, 0.8, -0.6, -0.2, 0.1
0.4, -0.3, -0.5, 0.1, 0.6, 0.7, -0.3, -0.2
0.5, -0.6, 0.7, -0.8, -0.9, 0.1, -0.2, 0.3
-0.4, -0.7, 0.6, -0.5, 0.8, -0.6, -0.2, 0.1


Output layer weights
-0.1
0.2
0.3
0.4
0.5
-0.6
 -0.7
 0.8

Input data
0.1, 0.2
